%
%THIS IS A WIZARD GENERATED FILE. DO NOT EDIT THIS FILE!
%
%---------------------------------------------------------------------------------------------------------
%This is a filter with fixed coefficients.
%This Model Only Support Single Channel Input Data.
%Please input:
%data vector: 		stimulation(1:n)

%    This Model Only Support FIR_WIDTH to 51 Bits

%FILTER PARAMETER
%Input Data Type :	Signed Binary
%Input Data Width: 12
%Interpolation Factor: 1
%Decimation Factor: 1
%FIR Width (Full Calculation Width Before Output Width Adjust) :35
%-----------------------------------------------------------------------------------------------------------
%MegaWizard Scaled Coefficient Values

 function  output = quad_bank_fir_mlab(stimulation, bank, output)
 coef_matrix_in= [0,0,0,0,0,0,0,0,0,0,0,0,0,0,0,0,0,0,0,0,0,0,0,0,0,0,0,0,0,0,0,0,0,0,0,0,0,0,0,0,0,0,0,0,0,0,0,0,0,0,0,0,0,0,0,0,0,0,0,0,0,0,0,0,0,0,0,0,0,0,0,0,0,0,0,0,0,0,0,0,0,0,0,0,0,0,0,0,0,0,0,0,0,0,0,0,0,0,0,0,0,0,0,0,0,0,0,0,0,0,0,0,0,0,0,0,0,0,0,0,0,0,0,0,0,0,0,0,0,0,0,0,0,0,0,0,0,0,0,8191,0,0,0,0,0,0,0,0,0,0,0,0,0,0,0,0,0,0,0,0,0,0,0,0,0,0,0,0,0,0,0,0,0,0,0,0,0,0,0,0,0,0,0,0,0,0,0,0,0,0,0,0,0,0,0,0,0,0,0,0,0,0,0,0,0,0,0,0,0,0,0,0,0,0,0,0,0,0,0,0,0,0,0,0,0,0,0,0,0,0,0,0,0,0,0,0,0,0,0,0,0,0,0,0,0,0,0,0,0,0,0,0,0,0,0,0,0,0,0,0,0,0,0,0,0,0,0,0,0,0,0,0,0,0,0,0,0,0,0;-3,-2,-3,-4,-5,-6,-8,-10,-12,-14,-17,-19,-22,-26,-29,-33,-37,-40,-44,-48,-52,-56,-60,-63,-66,-68,-70,-71,-71,-71,-69,-66,-62,-56,-49,-40,-29,-17,-3,12,30,50,72,96,121,148,176,206,237,268,300,333,365,397,428,459,487,513,537,558,576,589,598,603,602,596,584,566,541,510,472,428,376,318,254,183,106,24,-63,-154,-249,-347,-447,-548,-649,-749,-846,-940,-1030,-1113,-1189,-1256,-1314,-1360,-1394,-1414,-1419,-1408,-1381,-1336,-1272,-1189,-1086,-963,-820,-656,-472,-268,-45,197,458,736,1030,1339,1661,1995,2339,2691,3049,3411,3775,4138,4499,4855,5204,5543,5870,6183,6480,6759,7018,7254,7467,7655,7816,7950,8054,8130,8175,8190,8175,8130,8054,7950,7816,7655,7467,7254,7018,6759,6480,6183,5870,5543,5204,4855,4499,4138,3775,3411,3049,2691,2339,1995,1661,1339,1030,736,458,197,-45,-268,-472,-656,-820,-963,-1086,-1189,-1272,-1336,-1381,-1408,-1419,-1414,-1394,-1360,-1314,-1256,-1189,-1113,-1030,-940,-846,-749,-649,-548,-447,-347,-249,-154,-63,24,106,183,254,318,376,428,472,510,541,566,584,596,602,603,598,589,576,558,537,513,487,459,428,397,365,333,300,268,237,206,176,148,121,96,72,50,30,12,-3,-17,-29,-40,-49,-56,-62,-66,-69,-71,-71,-71,-70,-68,-66,-63,-60,-56,-52,-48,-44,-40,-37,-33,-29,-26,-22,-19,-17,-14,-12,-10,-8,-6,-5,-4,-3,-2,-3;65,46,55,56,47,27,-6,-51,-104,-161,-214,-255,-276,-269,-230,-155,-49,82,229,376,507,605,654,644,569,430,236,4,-245,-488,-698,-852,-932,-928,-839,-672,-446,-184,84,333,536,674,735,720,637,505,345,183,44,-54,-101,-95,-44,35,123,195,230,211,132,-4,-185,-389,-588,-752,-856,-881,-817,-668,-449,-186,91,348,554,686,732,695,587,434,268,121,22,-9,34,145,301,471,616,699,689,567,332,0,-396,-810,-1189,-1481,-1643,-1650,-1494,-1193,-782,-315,146,542,824,959,942,790,549,278,46,-79,-49,163,550,1073,1658,2210,2621,2791,2637,2113,1219,3,-1432,-2948,-4378,-5548,-6299,-6506,-6099,-5073,-3492,-1487,760,3032,5100,6754,7822,8190,7822,6754,5100,3032,760,-1487,-3492,-5073,-6099,-6506,-6299,-5548,-4378,-2948,-1432,3,1219,2113,2637,2791,2621,2210,1658,1073,550,163,-49,-79,46,278,549,790,942,959,824,542,146,-315,-782,-1193,-1494,-1650,-1643,-1481,-1189,-810,-396,0,332,567,689,699,616,471,301,145,34,-9,22,121,268,434,587,695,732,686,554,348,91,-186,-449,-668,-817,-881,-856,-752,-588,-389,-185,-4,132,211,230,195,123,35,-44,-95,-101,-54,44,183,345,505,637,720,735,674,536,333,84,-184,-446,-672,-839,-928,-932,-852,-698,-488,-245,4,236,430,569,644,654,605,507,376,229,82,-49,-155,-230,-269,-276,-255,-214,-161,-104,-51,-6,27,47,56,55,46,65;8,-28,12,14,5,-1,-5,-6,-5,-2,0,2,4,4,3,2,0,-2,-3,-4,-4,-2,0,1,4,5,5,4,2,0,-3,-6,-7,-6,-4,0,3,6,8,8,6,2,-2,-6,-10,-11,-9,-5,0,6,11,13,13,9,3,-4,-11,-16,-17,-14,-8,0,10,17,21,20,14,4,-7,-17,-24,-26,-21,-11,1,15,26,31,30,20,6,-10,-26,-36,-39,-32,-17,2,23,39,47,45,31,9,-16,-39,-55,-59,-49,-26,3,35,60,73,70,49,15,-24,-62,-88,-95,-80,-44,4,57,101,125,122,89,30,-41,-112,-165,-185,-162,-95,4,121,230,302,315,249,99,-127,-411,-720,-1017,-1263,-1426,8191,-1426,-1263,-1017,-720,-411,-127,99,249,315,302,230,121,4,-95,-162,-185,-165,-112,-41,30,89,122,125,101,57,4,-44,-80,-95,-88,-62,-24,15,49,70,73,60,35,3,-26,-49,-59,-55,-39,-16,9,31,45,47,39,23,2,-17,-32,-39,-36,-26,-10,6,20,30,31,26,15,1,-11,-21,-26,-24,-17,-7,4,14,20,21,17,10,0,-8,-14,-17,-16,-11,-4,3,9,13,13,11,6,0,-5,-9,-11,-10,-6,-2,2,6,8,8,6,3,0,-4,-6,-7,-6,-3,0,2,4,5,5,4,1,0,-2,-4,-4,-3,-2,0,2,3,4,4,2,0,-2,-5,-6,-5,-1,5,14,12,-28,8];
